27.73685      -5.320000
42.97689      -5.320000
58.21692      -5.290000
73.45695      -5.240000
88.69698      -5.110000
103.9370      -4.930000
119.1770      -4.670000
134.4171      -4.440000
149.6571      -4.140000
164.8971      -3.840000
180.1372      -3.560000
195.3772      -3.240000
210.6172      -2.950000
225.8573      -2.620000
241.0973      -2.350000
256.3373      -2.040000
271.5773      -1.780000
286.8174      -1.480000
302.0574      -1.180000
317.2974     -0.9100000
332.5375     -0.6000000
347.7775     -0.2800000
363.0175      7.0000000E-02