3936
3921
3894
3857
3820
3781
3757
3755
3743
3732
3727
3720
3707
3685
3671
3645
3620
3601
3579
3564
3569
3559
3552
3545
3532
3514
3514
3500
3488
3490
3484
3475
3467
3467
3470
3462
3458
3458
3454
3448
3448
3449
3453
3453
3448
3434
3436
3420
3413
3407
3409
3416
3417
3406
3394
3380
3369
3361
3350
3353
3357
3352
3358
3351
3346
3338
3338
3336
3328
3319
3315
3316
3309
3309
3323
3311
3308
3313
3309
3310
3311
3311
3315
3305
3311
3321
3315
3304
3312
3307
3297
3290
3290
3285
3283
3280
3289
3289
3289
3290
3289
3288
3289
3289
3286
3286
3278
3276
3276
3282
3284
3279
3279
3278
3275
3282
3279
3277
3282
3278
3275
3275
3271
3270
3276
3276
3272
3268
3267
3268
3261
3252
3252
3249
3251
3261
3259
3252
3249
3245
3241
3239
3244
3250
3256
3256
3250
3243
3243
3245
3245
3245
3245
3240
3229
3227
3230
3227
3227
3225
3230
3229
3227
3232
3233
3231
3229
3233
3235
3240
3242
3242
3241
3236
3230
3224
3220
3222
3222
3226
3229
3228
3229
3224
3227
3227
3225
3222
3221
3220
3224
3224
3224
3225
3221
3227
3234
3233
3225
3225
3220
3217
3223
3232
3242
3239
3239
3242
3241
3220
3229
3237
3237
3225
3231
3238
3232
3235
3237
3239
3227
3222
3222
3217
3221
3214
3215
3213
3212
3205
3202
3197
3200
3200
3202
3212
3212
3215
3214
3209
3209
3205
3209
3209
3207
3202
3198
3196
3193
3198
3200
3199
3198
3201
3193
3189
3171
3170
3176
3177
3178
3168
3166
3162
3162
3165
3165
3169
3159
3161
3150
3149
3148
3152
3147
3147
3147
3146
3139
3137
3137
3133
3129
3116
3118
3119
3120
3121
3123
3126
3128
3115
3114
3110
3111
3112
3115
3117
3117
3120
3123
3122
3127
3128
3126
3125
3121
3118
3121
3118
3119
3119
3117
3111
3109
3106
3100
3097
3098
3099
3101
3099
3098
3103
3109
3111
3111
3112
3106
3102
3100
3100
3103
3099
3094
3090
3087
3087
3088
3090
3089
3087
3088
3090
3085
3081
3078
3077
3072
3072
3073
3073
3077
3076
3071
3070
3070
3071
3077
3075
3074
3071
3062
3058
3059
3062
3062
3068
3073
3073
3072
3068
3070
3068
3066
3062
3058
3056
3055
3053
3050
3047
3040
3039
3041
3040
3040
3038
3038
3045
3044
3043
3039
3040
3039
3038
3036
3034
3032
3029
3028
3030
3033
3035
3037
3032
3022
3019
3019
3014
3015
3019
3024
3022
3023
3021
3014
3010
3003
2995
2992
2993
2995
2992
2992
2991
2992
2998
2999
3003
3002
2999
2995
2993
2998
2999
3003
3001
2998
2995
2994
2993
2993
2995
3001
3006
3006
3001
2994
2993
2994
2996
2996
2995
2995
2990
2986
2985
2985
2986
2986
2986
2980
2979
2975
2972
2973
2974
2974
2974
2961
2956
2956
2957
2959
2959
2957
2964
2961
2962
2959
2958
2952
2948
2947
2947
2948
2948
2951
2950
2949
2942
2945
2947
2952
2958
2964
2965
2965
2965
2962
2963
2961
2959
2952
2955
2955
2952
2950
2943
2942
2947
2952
2955
2964
2959
2955
2949
2946
2943
2944
2946
2946
2946
2946
2946
2944
2941
2937
2932
2931
2930
2928
2928
2933
2941
2941
2940
2928
2928
2926
2921
2918
2916
2917
2918
2921
2920
2916
2918
2921
2923
2931
2930
2928
2929
2935
2921
2920
2918
2914
2913
2907
2908
2907
2904
2905
2917
2916
2918
2916
2916
2915
2906
2902
2891
2886
2885
2882
2883
2871
2870
2869
2864
2866
2868
2862
2859
2854
2855
2854
2854
2862
2858
2854
2844
2841
2840
2840
2833
2826
2820
2820
2818
2818
2820
2822
2819
2817
2818
2818
2820
2822
2823
2822
2822
2823
2826
2827
2821
2819
2820
2825
2834
2835
2838
2842
2842
2846
2834
2831
2839
2843
2844
2847
2845
2839
2837
2837
2816
2807
2799
2794
2792
2795
2793
2791
2784
2785
2786
2786
2787
2786
2784
2783
2787
2784
2782
2783
2782
2782
2786
2786
2781
2783
2780
2775
2767
2764
2756
2754
2759
2765
2768
2774
2779
2781
2781
2769
2765
2763
2764
2766
2767
2763
2761
2754
2754
2757
2752
2753
2754
2753
2753
2754
2752
2754
2755
2749
2747
2746
2746
2747
2746
2748
2749
2752
2750
2751
2752
2752
2746
2744
2742
2738
2738
2740
2740
2741
2742
2743
2744
2740
2736
2737
2739
2741
2739
2736
2736
2736
2738
2742
2744
2742
2739
2740
2739
2739
2740
2739
2737
2735
2735
2735
2733
2736
2740
2739
2738
2740
2740
2739
2741
2744
2742
2740
2741
2741
2734
2730
2721
2713
2708
2718
2724
2729
2731
2733
2733
2734
2738
2739
2734
2735
2732
2732
2731
2726
2727
2726
2726
2724
2726
2727
2723
2717
2717
2720
2721
2721
2718
2717
2713
2713
2715
2717
2718
2715
2714
2713
2711
2710
2709
2707
2713
2713
2715
2713
2716
2715
2714
2714
2718
2721
2721
2719
2718
2717
2716
2716
2716
2717
2710
2714
2715
2714
2714
2716
2717
2716
2715
2713
2705
2704
2705
2706
2714
2713
2709
2707
2704
2702
2700
2703
2706
2705
2706
2707
2708
2709
2707
2706
2708
2708
2705
2704
2705
2703
2703
2702
2701
2699
2701
2700
2700
2701
2704
2701
2702
2701
2700
2700
2701
2703
2703
2701
2697
2696
2696
2695
2697
2698
2701
2699
2698
2696
2696
2695
2691
2689
2693
2694
2693
2687
2691
2694
2689
2692
2691
2693
2701
2698
2699
2697
2697
2694
2694
2690
2699
2700
2698
2697
2693
2691
2695
2697
2702
2702
2703
2702
2697
2697
2699
2700
2700
2701
2705
2706
2706
2706
2709
2706
2706
2705
2705
2706
2707
2703
2699
2699
2701
2704
2708
2707
2704
2700
2698
2694
2691
2693
2693
2692
2692
2695
2697
2709
2710
2710
2710
2710
2707
2704
2696
2677
2663
2662
2664
2672
2687
2707
2731
2763
2783
2798
2826
2840
2876
2908
2919
2925
2932
2932
2932
2931
2931
2933
2935
2932
2934
2931
2927
2933
2932
2936
2932
2938
2938
2936
2944
