3759
3759
3762
3755
3741
3728
3708
3691
3677
3677
3663
3648
3632
3607
3577
3562
3562
3540
3523
3504
3463
3438
3419
3419
3396
3370
3346
3318
3302
3261
3261
3248
3225
3186
3177
3152
3140
3140
3122
3110
3108
3108
3099
3094
3094
3091
3092
3089
3086
3087
3090
3089
3094
3105
3125
3154
3176
3202
3204
3218
3233
3240
3255
3258
3276
3276
3291
3309
3317
3332
3376
3400
3426
3456
3468
3479
3499
3499
3526
3542
3563
3573
3577
3580
3580
3594
3605
3621
3632
3663
3688
3688
3705
3714
3731
3755
3772
3785
3785
3811
3827
3840
3850
3856
3858
3858
3868
3892
3911
3915
3913
3910
3910
3917
3915
3906
3905
3900
3900
3900
3905
3904
3901
3905
3905
3910
3922
3925
3930
3932
3934
3933
3950
3950
3958
3957
3954
3949
3956
3963
3963
3965
3971
3977
3985
4003
4014
4014
4017
4026
4033
4048
4065
4080
4080
4091
4105
4115
4129
4138
4145
4145
4151
4141
4148
4150
4155
4155
4163
4159
4169
4185
4204
4219
4219
4251
4266
4295
4315
4325
4326
4326
4311
4322
4331
4339
4344
4344
4336
4332
4321
4311
4310
4307
4314
4314
4318
4325
4335
4330
4330
4327
4327
4317
4309
4295
4279
4272
4256
4256
4234
4229
4222
4225
4228
4228
4228
4232
4227
4227
4222
4217
4219
4219
4215
4198
4191
4181
4172
4165
4165
4148
4114
4088
4071
4053
4036
4036
4004
3989
3974
3968
3955
3939
3939
3928
3906
3881
3869
3845
3845
3831
3832
3827
3820
3809
3803
3803
3796
3792
3790
3791
3786
3784
3781
3780
3775
3769
3764
3756
3742
3742
3737
3738
3737
3737
3735
3730
3727
3723
3719
3723
3720
3724
3726
3726
3732
3743
3738
3743
3754
3788
3788
3792
3791
3793
3787
3776
3770
3770
3761
3753
3735
3723
3707
3701
3701
3687
3677
3668
3658
3650
3650
3632
3612
3586
3552
3524
3509
3509
3499
3483
3460
3457
3452
3440
3440
3438
3431
3409
3395
3392
3382
3382
3371
3368
3363
3361
3357
3347
3347
3326
3321
3323
3317
3304
3299
3299
3302
3299
3296
3302
3297
3278
3278
3260
3251
3246
3240
3228
3213
3213
3201
3183
3167
3162
3129
3129
3099
3088
3056
3048
3031
3029
3029
3016
2994
2989
2985
2983
2982
2982
2982
2984
2993
3002
3004
2999
2999
3004
3008
3022
3044
3053
3071
3071
3092
3097
3119
3148
3175
3195
3195
3212
3216
3226
3245
3258
3264
3259
3273
3282
3290
3301
3318
3345
3345
3366
3383
3417
3440
3463
3471
3471
3490
3492
3496
3501
3502
3502
3503
3507
3511
3511
3512
3503
3481
3474
3477
3477
3469
3464
3453
3453
3449
3445
3432
3433
3428
3407
3407
3408
3410
3410
3411
3413
3414
3414
3412
3405
3400
3398
3395
3396
3396
3392
3392
3397
3404
3407
3416
3416
3420
3414
3416
3423
3430
3438
3438
3435
3432
3431
3432
3437
3437
3449
3457
3461
3439
3430
3434
3434
3444
3455
3460
3470
3477
3485
3485
3488
3490
3486
3493
3499
3504
3504
3508
3514
3522
3524
3523
3520
3520
3521
3521
3520
3518
3517
3521
3521
3523
3523
3531
3539
3540
3535
3535
3531
3525
3525
3527
3526
3520
3520
3514
3515
3519
3521
3523
3523
3522
3520
3519
3515
3516
3515
3515
3521
3529
3529
3535
3532
3533
3536
3533
3542
3551
3552
3557
3558
3567
3567
3579
3598
3611
3647
3661
3696
3696
3725
3734
3745
3752
3774
3786
3786
3796
3799
3812
3822
3838
3836
3835
3838
3830
3841
3841
3844
3844
3847
3847
3857
3871
3883
3895
3908
3914
3915
3917
3915
3915
3922
3932
3936
3943
3947
3960
3968
3976
3994
4013
4052
4059
4085
4102
4113
4108
4083
4060
4053
4048
4049
4045
4041
4039
4036
4027
4031
4039
4036
4037
4033
4005
4011
4007
4003
3999
3998
3990
3976
3973
3969
3969
3959
3961
3959
3963
3964
3963
3976
3984
3992
3994
3998
4009
4017
4027
4033
4040
4041
4053
4052
4048
4046
4058
4074
4087
4091
4084
4115
4124
4120
4122
4114
4089
4101
4100
4106
4113
4121
4114
4123
4100
4086
4079
4065
4044
4036
4024
4016
3994
3984
3974
3984
3977
3971
3961
3949
3939
3939
3933
3919
3906
3907
3907
3898
3914
3911
3914
3928
3929
3919
3926
3926
3922
3919
3901
3892
3883
3849
3836
3824
3791
3770
3760
3735
3735
3708
3684
3663
3648
3634
3616
3616
3594
3583
3568
3554
3532
3532
3523
3480
3472
3463
3437
3428
3428
3401
3392
3376
3334
3334
3334
3300
3281
3283
3272
3241
3234
3234
3224
3225
3218
3213
3208
3200
3197
3185
3172
3156
3150
3141
3136
3131
3126
3117
3120
3123
3124
3126
3128
3127
3117
3115
3117
3122
3122
3126
3125
3131
3137
3151
3151
3157
3164
3179
3190
3203
3226
3226
3248
3262
3280
3301
3328
3343
3343
3362
3385
3411
3432
3453
3453
3472
3473
3501
3511
3509
3513
3513
3515
3531
3544
3547
3566
3579
3562
3582
3608
3618
3633
3643
3643
3644
3661
3681
3707
3728
3750
3748
3777
3798
3827
3850
3878
3875
3898
3920
3929
3946
3948
3946
3956
3958
3950
3941
3925
3918
3911
3911
3905
3901
3894
3892
3885
3887
3887
3895
3898
3900
3903
3906
3906
3906
3909
3917
3923
3933
3950
3950
3965
3972
3977
3981
3981
3992
3992
4002
4001
4007
4018
4021
4032
4032
4051
4061
4055
4045
4035
4019
4025
4004
3977
3970
3960
3938
3936
3948
3934
3937
3952
3958
3972
3992
3995
4007
4024
4035
4049
4045
4053
4050
4036
4044
4029
4021
4033
4044
4052
4052
4057
4065
4083
4099
4124
4127
4127
4116
4128
4124
4135
4140
4140
4117
4121
4119
4135
4133
4127
4127
4136
4152
4168
4168
4158
4150
4132
4110
4078
4067
4048
4009
4009
3987
3985
3981
3987
3981
3987
3973
3979
3976
3974
3952
3935
3931
3940
3926
3899
3882
3868
3855
3855
3841
3823
3814
3818
3823
3818
3827
3829
3838
3852
3850
3869
3901
3904
3926
3920
3914
3910
